380 339 420 308 448
384 366 434 465 470 476 337
355 408 447 462 348 461 481 453 336 396
438 468 375 454 452 319 437 315
345 400 449 485 376
398 361 442 369 399
419 443 391 458 471 385 338 421 402
347 374 309 480 430 320 321 327 415 329 491
427 371 350 440 401 370 363
386
346 460 395 403 498 477 489 381 490 318 463 377
373 478 486 331 435 340 352
492 313
432
433 335 356 372 394 459 445 322 328
422 444 450 307 412 358 499
316 379 416 349 388 457
368 365 472
360 409
378 431 464 343 359 310 342 301 382 314 429
425 428 364 406 474 413 353 451 410 304 393 493 305
362 500 497
426 326 324 332 407 357 467 334 323 312 354 392 436 330
302 469 351 317 487 484 387 404 397
